3 2 30 0.488533973694 True
3 2 30 0.335369110107 True
3 2 30 0.512148141861 True
3 2 30 0.450505971909 True
3 2 30 0.44683098793 True
3 2 30 0.538973093033 True
3 2 30 0.325978040695 True
3 2 30 0.539324998856 True
3 2 30 0.446968078613 True
3 2 30 0.543252944946 True
3 2 30 0.56440615654 True
3 2 30 0.307331800461 True
3 2 30 0.462670087814 True
3 2 30 0.519304037094 True
3 2 30 0.451211929321 True
3 2 30 0.455599069595 True
3 2 30 0.405884981155 True
3 2 30 0.442239046097 True
3 2 30 0.533074855804 True
3 2 30 0.442968845367 True
4 2 40 2.50658893585 False
4 2 40 2.38682103157 False
4 2 40 1.89583301544 True
4 2 40 2.10576295853 True
4 2 40 2.39887499809 False
4 2 40 1.8620800972 True
4 2 40 2.12088179588 True
4 2 40 2.16742491722 True
4 2 40 2.15501403809 True
4 2 40 2.10699796677 True
4 2 40 1.9892821312 True
4 2 40 2.45131397247 False
4 2 40 2.42790985107 False
4 2 40 2.13484382629 True
4 2 40 1.92220497131 True
5 2 50 7.42897105217 True
5 2 50 7.92807602882 False
5 2 50 6.73229598999 True
5 2 50 7.08642220497 True
5 2 50 7.63085508347 False
5 2 50 6.88887906075 True
5 2 50 7.17996811867 True
5 2 50 7.93291211128 False
5 2 50 7.93139004707 False
5 2 50 6.2609910965 True
5 2 50 7.1707201004 True
5 2 50 8.13461685181 False
5 2 50 8.01137208939 False
5 2 50 8.30296516418 False
5 2 50 8.05790805817 False
5 2 50 8.1081738472 False
5 2 50 8.08350682259 False
5 2 50 8.04582095146 False
5 2 50 7.42436909676 True
5 2 50 6.4757502079 True
5 2 50 6.56399893761 True
3 3 30 0.556311845779 True
3 3 30 0.591928958893 True
3 3 30 0.508306026459 True
3 3 30 0.602766990662 True
3 3 30 0.574756145477 False
3 3 30 0.608355998993 True
3 3 30 0.590459108353 True
3 3 30 0.524310112 True
3 3 30 0.642328977585 True
3 3 30 0.605618000031 False
3 3 30 0.672287940979 False
3 3 30 0.60130405426 True
3 3 30 0.630200147629 True
3 2 20 0.264816045761 True
3 2 20 0.236563920975 False
3 2 20 0.195791006088 True
3 2 20 0.271174907684 False
3 2 20 0.235788106918 False
3 2 20 0.239171981812 False
3 2 20 0.260758876801 False
3 2 20 0.259701967239 False
3 2 20 0.250331878662 False
3 2 20 0.227739095688 False
3 2 20 0.278006076813 False
3 2 20 0.257936954498 False
3 2 20 0.184396982193 False
3 2 20 0.207266807556 False
3 2 20 0.188482046127 False
3 2 20 0.186787128448 False
3 2 20 0.27690410614 False
3 2 20 0.199120044708 False
3 2 20 0.264543056488 False
3 2 20 0.276457071304 False
3 2 20 0.215926885605 False
3 2 20 0.212244033813 False
3 2 20 0.290271997452 False
3 2 20 0.241603136063 False
3 2 20 0.25378203392 False
3 2 20 0.21563911438 False
3 2 20 0.264168024063 False
3 2 20 0.260010004044 False
3 2 20 0.14783000946 True
3 2 20 0.206721067429 False
3 2 20 0.28351688385 False
3 2 20 0.256211042404 False
3 2 20 0.244171857834 False
3 2 20 0.248814821243 False
3 2 20 0.228193998337 True
3 2 20 0.190285921097 True
3 2 20 0.183120012283 False
3 2 20 0.243138790131 False
3 2 20 0.235085010529 False
3 2 20 0.260259151459 False
3 2 20 0.210567951202 True
3 2 20 0.244023084641 False
3 2 20 0.252561092377 False
3 2 20 0.241507053375 False
3 2 20 0.167474031448 False
3 2 20 0.247309207916 False
3 2 20 0.184052944183 True
3 2 20 0.253890991211 False
3 2 20 0.240136146545 False
3 2 20 0.241100788116 False
3 2 20 0.265738010406 False
3 2 20 0.237744092941 False
3 2 20 0.20591211319 False
3 2 20 0.182895898819 False
3 2 20 0.250032901764 False
3 2 20 0.208671808243 False
3 2 20 0.216459035873 False
3 2 20 0.187977790833 False
3 2 20 0.250802993774 False
3 2 20 0.251502990723 False
3 2 20 0.269066095352 False
3 2 20 0.23766207695 False
3 2 20 0.241269111633 False
3 2 20 0.206332921982 False
3 2 20 0.244047164917 False
3 2 20 0.281872034073 False
3 2 20 0.269057035446 False
3 2 20 0.24754691124 False
3 2 20 0.256895065308 False
3 2 20 0.242244005203 False
3 2 20 0.207237005234 False
3 2 20 0.259469032288 False
3 2 20 0.225931882858 False
3 2 20 0.266010046005 False
3 2 20 0.203013896942 True
3 2 20 0.167829036713 True
3 2 20 0.287672996521 False
3 2 20 0.172203779221 False
3 2 20 0.258633852005 False
3 2 20 0.222096920013 False
3 2 20 0.267138957977 False
3 2 20 0.236794948578 False
3 2 20 0.192539930344 False
3 2 20 0.194462060928 True
3 4 40 1.34716296196 True
3 4 40 1.32058310509 True
3 4 40 1.40915608406 True
3 4 40 1.28742814064 True
3 4 40 1.66154289246 False
3 4 40 1.15614390373 True
3 4 40 1.46971583366 True
3 4 40 1.00550508499 True
3 4 40 1.29254603386 True
3 4 40 1.46331596375 True
3 4 40 1.02663207054 True
