3 2 30 0.347656011581 True
3 2 30 0.224852085114 True
3 2 30 0.388698101044 True
3 2 30 0.287513017654 True
3 2 30 0.290160894394 True
3 2 30 0.332957029343 True
3 2 30 0.24452495575 True
3 2 30 0.284655809402 True
3 2 30 0.43017077446 False
3 2 30 0.376154899597 True
3 2 30 0.379312038422 True
3 2 30 0.345024108887 True
3 2 30 0.394050836563 True
3 2 30 0.384473085403 True
3 2 30 0.384669065475 True
3 2 30 0.378333091736 True
3 2 30 0.380011081696 True
3 2 30 0.389189958572 True
3 2 30 0.376399040222 True
3 2 30 0.387737035751 True
3 2 30 0.217257022858 True
8 2 90 460.852066994 False
8 2 90 325.901494026 False
8 2 90 361.669059038 False
8 2 90 340.204033136 True
8 2 90 338.335541964 False
8 2 90 462.335973024 False
8 2 90 380.714764833 False
8 2 90 350.111392975 False
8 2 90 335.943315029 True
8 2 90 547.140400887 False
8 2 90 324.456024885 False
8 2 90 319.975540161 True
8 2 90 377.375365019 False
8 2 90 374.597979069 False
8 2 90 345.409723997 False
8 2 90 347.702789068 False
8 2 90 345.979074955 True
8 2 90 335.05856204 False
8 2 90 338.366045952 False
8 2 90 358.965576887 False
8 2 90 353.270537138 True
8 2 90 345.740445137 False
8 2 90 337.799368143 False
8 2 90 783.54212594 False
8 2 90 334.414758921 False
8 2 90 351.585536003 False
8 2 90 374.301050186 False
8 2 90 520.469691992 False
8 2 90 332.911541939 False
8 2 90 363.001553059 False
8 2 90 378.669742823 False
8 2 90 362.385957003 False
8 2 90 327.328817844 False
8 2 90 381.911741972 False
8 2 90 512.792376995 False
8 2 90 339.432077885 False
8 2 90 505.667633057 False
8 2 90 431.863626957 True
8 2 90 377.483011007 False
8 2 90 480.498764992 False
8 2 90 336.920233011 False
8 2 90 366.870577812 False
8 2 90 344.688753843 False
8 2 90 503.915180922 False
8 2 90 323.621628046 False
8 2 90 324.669299841 False
8 2 90 359.452866077 False
8 2 90 375.489802837 False
8 2 90 356.720483065 False
8 2 90 332.95875001 True
8 2 90 546.793135881 False
8 2 90 380.952115059 False
8 2 90 352.744497061 False
8 2 90 318.316132069 True
8 2 90 355.343513012 False
8 2 90 378.082132101 False
8 2 90 366.750042915 False
8 2 90 464.500910997 False
8 2 90 616.937294006 True
8 2 90 346.04557991 False
8 2 90 319.842517853 True
8 3 110 1199.78361678 False
8 3 110 1355.15452909 False
8 3 110 1008.46912193 True
8 3 110 1230.93731499 False
8 3 110 1299.7382648 False
8 3 110 1298.24929309 False
8 3 110 2815.55157113 False
8 3 110 1280.25553918 False
8 3 110 1261.41249299 False
8 3 110 2086.42192912 False
8 3 110 1976.12211299 True
8 3 110 2016.36917901 False
8 3 110 1301.55507112 True
8 3 110 1174.93689299 True
8 3 110 1212.10385513 True
8 3 110 1324.75593996 False
8 3 110 974.468050003 True
8 3 110 1100.00547695 True
8 3 110 1214.75065398 True
8 3 110 3566.72660995 False
8 3 110 1305.56979895 False
8 3 110 1158.94808698 True
8 3 110 1309.69974113 False
8 3 110 1287.58777714 False
8 3 110 1307.95273399 False
8 3 110 1216.26746511 True
8 4 120 484.387863159 False
8 4 120 2970.37178802 False
8 4 120 395.531907797 False
8 4 120 405.761202097 False
8 4 120 402.856451988 False
8 4 120 389.538482904 False
8 4 120 421.035674095 False
8 4 120 5036.06258297 False
8 4 120 628.326776981 False
8 4 120 2995.79313493 True
8 4 120 454.313370943 False
8 4 120 461.990141153 False
8 4 120 501.807616949 False
8 4 120 479.641817808 False
8 4 120 452.390038013 False
8 4 120 2717.61783195 False
8 4 120 4461.67884493 False
8 4 120 402.713420153 False
8 4 120 450.982375145 False
8 4 120 1004.14629412 True
8 4 120 3029.00403094 False
8 4 120 399.510865927 False
8 4 120 1200.82947803 True
8 4 120 450.181324959 True
8 4 120 429.605782032 False
8 4 120 401.720180035 False
8 4 120 2770.0653162 False
8 4 120 1108.19309211 False
8 4 120 431.731703043 False
8 4 120 4814.74052 True
8 4 120 404.771831989 False
8 4 120 403.206056118 False
8 4 120 405.05816102 False
8 4 120 456.278006077 False
8 4 120 461.760106802 False
8 4 120 2986.75141001 True
8 4 120 397.961250067 False
8 4 120 417.179322004 False
8 4 120 397.137700081 False
8 4 120 462.077291965 False
8 4 120 396.644235134 False
8 4 120 412.90573597 False
8 4 120 409.940644026 False
8 4 120 402.813131094 False
8 4 120 3062.99896502 True
8 4 120 407.196667194 False
8 4 120 2543.74275208 True
8 4 120 484.202441931 False
8 4 120 1924.85516 False
8 4 120 407.330158949 False
8 4 120 402.769131184 False
8 4 120 410.118022919 False
8 4 120 402.538130045 False
8 4 120 402.32003808 False
8 4 120 393.996447086 False
8 4 120 4745.52163887 False
8 4 120 402.224030018 False
8 4 120 396.241055012 False
8 4 120 2924.66134191 False
8 4 120 3189.58184791 False
8 4 120 395.147190094 False
8 4 120 393.94037509 False
8 4 120 4417.4573729 True
8 4 120 395.633172989 False
8 4 120 400.770684958 False
8 4 120 399.699160099 False
8 4 120 2608.757406 True
3 2 30 0.714550971985 False
3 2 30 0.351342916489 True
3 2 30 0.315619945526 True
3 2 30 0.530454158783 True
3 2 30 0.543163061142 True
3 2 30 0.398500919342 True
3 2 30 0.453382015228 True
3 2 30 0.436581850052 True
3 2 30 0.461099863052 True
3 2 30 0.312763929367 True
3 2 30 0.389624118805 True
