9 2 240 3819.48654699 False
8 5 150 8031.06555319 False
8 5 150 12355.4741709 False
8 5 150 7344.24847484 False
8 5 150 11305.6975241 False
8 5 150 5840.65019584 False
8 5 150 7169.3482759 True
8 5 150 7681.82145405 False
8 5 150 20543.1657889 False
8 5 150 7981.71258211 False
8 5 150 7166.05942822 False
8 5 150 12084.577832 False
8 5 150 7248.3052299 False
8 5 150 7226.56399107 False
8 5 150 7943.4323411 False
8 5 150 7731.98358703 False
9 2 240 4307.42838311 False
9 2 240 4852.67088389 False
9 2 240 4038.79816103 False
9 2 240 3830.06906605 True
9 2 240 3824.22794008 False
9 2 240 4141.64122415 False
9 2 240 3933.73915005 False
9 2 240 4120.54758883 False
9 2 240 3737.47951794 False
9 2 240 3101.90002012 False
9 2 240 4754.46941304 True
9 2 240 4063.93868399 False
9 2 240 3982.62979889 False
9 2 240 3990.1914649 True
9 2 240 4186.88891697 False
9 2 240 3984.94393206 False
9 2 240 4085.23064709 False
9 2 240 4004.76912498 False
9 2 240 4827.18652797 False
9 2 240 4439.14112282 True
9 2 240 4986.928087 False
9 2 240 4317.72205305 True
9 2 240 4434.97660804 False
9 2 240 3995.22207999 False
9 2 240 4214.43542099 False
9 2 240 3850.41441298 False
9 2 240 3819.57525706 True
9 2 240 3906.20561719 False
9 2 240 4264.50541615 False
9 2 240 3466.33132482 False
9 2 240 4169.17170382 False
9 2 240 5688.11412692 False
9 2 240 5928.74945188 False
9 2 240 3968.55382204 False
9 2 240 4285.03551412 False
9 2 240 4072.52516413 False
9 2 240 4134.675632 False
9 2 240 3892.87692809 True
9 2 240 4078.05439806 False
9 2 240 3886.85458684 False
9 2 240 4069.67823195 False
9 2 240 4780.17084599 False
9 2 240 6249.13209486 False
9 2 240 4173.14936399 False
9 2 240 4077.19632697 True
9 2 240 3948.69755697 True
9 2 240 4362.16305399 False
9 2 240 4092.51318288 False
9 2 240 6767.49336696 False
9 2 240 4031.13839722 False
9 2 240 4277.0983851 False
9 2 240 4172.73637104 False
9 2 240 4714.87336183 True
8 5 170 9222.43699002 False
8 5 170 8808.31663299 False
8 5 170 14990.8316622 False
8 5 170 7792.51978588 True
8 5 170 9327.43369508 False
8 5 170 9089.49690914 False
8 5 170 9182.25797009 False
8 5 170 14339.854152 False
8 5 170 8209.89524007 False
10 2 330 14699.127836 False
10 2 330 14078.8097219 False
10 2 330 14763.576226 False
10 2 330 14966.515744 False
10 2 330 14682.358381 False
10 2 330 14180.755784 False
10 2 330 14691.507839 False
10 2 330 14160.2810721 False
10 2 330 16123.346349 False
10 2 330 14567.546315 False
10 2 330 14687.702035 False
10 2 330 14535.8578992 False
